w =

  -0.100000  -0.300000  -0.800000
  -1.820000  -2.410000  -2.810000
   0.020000  -1.600000  -2.150000
  -3.920000  -0.600000  -0.190000
  -1.640000  -0.690000   0.770000

